"V1","V2","V3","V4"
0.826151192188263,-0.563439428806305,0.00320328935049474,0
0.218156695365906,0.325106680393219,0.920170187950134,0
-0.519501805305481,-0.759500920772552,0.39150533080101,0
0,0,0,1
